bass_enable=false
bass_maxgain=5
compander_enable=false
compander_granularity=2
compander_response=95.0;200.0;400.0;800.0;1600.0;3400.0;7500.0;0;0;0;0;0;0;0
compander_time_freq_transforms=0
compander_timeconstant=0.22000
convolver_enable=false
convolver_file=
convolver_optimization_mode=0
convolver_waveform_edit=-80;-100;0;0;0;0
crossfeed_bs2b_fcut=700
crossfeed_bs2b_feed=60
crossfeed_enable=false
crossfeed_mode=0
ddc_enable=false
ddc_file=
graphiceq_enable=true
graphiceq_param=GraphicEQ: 20 0; 25 0; 31.5 0; 40 0; 53 -3.59; 66 -3.79; 82 -5.05; 102 -3.18; 125 -2.56; 160 -4.82; 180 -7.08; 250 2.5; 299 -4; 320 0.5; 500 1.54; 709 -3.79; 800 1.3; 1000 -3.59; 1400 -4.62; 1700 -5.64; 2100 -8.1; 2600 -0.3; 3150 0; 4000 -8.92; 5000 -4.62; 6100 -3.59; 7600 0.7; 11700 -6.6; 14600 4.82; 18000 4.82; 20000 3
liveprog_enable=false
liveprog_file=
master_enable=true
master_limrelease=60
master_limthreshold=0
master_postgain=0
reverb_bassboost=0.25000
reverb_decay=2.08000
reverb_delay=0.00000
reverb_enable=false
reverb_finaldry=-7.00000
reverb_finalwet=-9.00000
reverb_lfo_spin=0.70000
reverb_lfo_wander=0.30000
reverb_lpf_bass=600
reverb_lpf_damp=9000
reverb_lpf_input=18000
reverb_lpf_output=17000
reverb_osf=1
reverb_reflection_amount=0.30000
reverb_reflection_factor=1.00000
reverb_reflection_width=0.70000
reverb_wet=-8.00000
reverb_width=1.00000
stereowide_enable=false
stereowide_level=60
tone_enable=false
tone_eq=25;40;63;100;160;250;400;630;1000;1600;2500;4000;6300;10000;16000;0;0;0;0;0;0;0;0;0;0;0;0;0;0;0
tone_filtertype=0
tone_interpolation=0
tube_enable=false
tube_pregain=1200
